[
    [
        0.3396880587,
        0.4689553595,
        -0.8152870007,
        -0.0
    ],
    [
        -0.7223851455,
        0.685189208,
        0.0931421004,
        -0.0
    ],
    [
        0.6023053415,
        0.5573119594,
        0.5715169775,
        -0.0
    ],
    [
        0.0,
        0.0,
        0.0,
        1.0
    ]
]